3.507950022303814563e+01
3.553571584110304826e+01
3.635965475328204377e+01
3.675403800461590009e+01
3.692446950100178071e+01
3.696294931725827837e+01
3.714074955930639987e+01
3.719304612499880847e+01
3.717715518199545244e+01
3.727870885124897171e+01
3.731309786572346354e+01
3.742289226572730598e+01
3.738954949277187723e+01
3.746685234483543070e+01
3.749628906631867409e+01
3.746917457526578232e+01
3.745501518574975108e+01
3.750056183631629381e+01
3.733737608306478251e+01
3.750887079600592244e+01
3.754714074153135073e+01
3.754396979050370220e+01
3.746865228494365851e+01
3.754471578872291104e+01
3.755691320979713055e+01
3.753165612349115321e+01
3.760492921984983639e+01
3.750297113712572639e+01
3.753350429745560035e+01
3.758360120201047749e+01
3.756672011515890119e+01
3.764924611265208654e+01
3.761734589144997187e+01
3.764417133685582684e+01
3.767236009579325895e+01
3.761745756312103595e+01
3.770335327801508640e+01
3.766915439422816547e+01
3.762609145105957964e+01
3.755727167779290454e+01
3.757303374830655684e+01
3.758598271415864644e+01
3.763848930266342308e+01
3.769487863874277167e+01
3.767003126446120120e+01
3.760355152162880188e+01
3.766457507042780151e+01
3.766831968224184379e+01
3.766897893738538272e+01
3.769058782234476723e+01
3.763858557784491410e+01
3.765990570062357534e+01
3.758049211049302585e+01
3.771685700944013320e+01
3.772405333666470284e+01
3.766532101378247432e+01
3.762978537084685371e+01
3.767104297627106746e+01
3.769777371229788088e+01
3.767835596698355261e+01
3.760027329934495555e+01
3.767710046230035204e+01
3.774577660599833706e+01
3.768057561294140356e+01
3.764983625370703635e+01
3.772398719146330848e+01
3.770406730703152931e+01
3.767570160272369861e+01
3.767704576160168983e+01
3.776793553245035184e+01
3.768339838204899905e+01
3.773397475202004614e+01
3.774339473310865145e+01
3.767432678625247888e+01
3.766445345997169625e+01
3.779624420671586904e+01
3.771574476695936085e+01
3.773861500019749826e+01
3.774644522990049467e+01
3.776255345387772167e+01
3.770034827112083775e+01
3.779092038077563842e+01
3.774888932512259032e+01
3.776771474909041615e+01
3.775394926002953611e+01
3.771360568162634763e+01
3.778813625645376106e+01
3.763438204841600054e+01
3.769011730843713792e+01
3.777594441567255501e+01
3.778330252852900628e+01
3.766869998567888445e+01
3.774669767735154835e+01
3.775982633921793763e+01
3.776173642906667283e+01
3.772612231251292769e+01
3.779496401569708297e+01
3.776835724871001077e+01
3.780767920361232370e+01
3.778974460299839677e+01
3.769689741638956093e+01
3.774182772742862113e+01
3.779232119870477646e+01
3.766032640796423436e+01
3.778143456272518108e+01
3.783499834860996458e+01
3.781462595054409803e+01
3.779289738334220772e+01
3.772113834183969772e+01
3.781148571610437159e+01
3.767144047509891180e+01
3.781697495084205229e+01
3.782545975364833879e+01
3.781462115152277903e+01
3.779218374748218423e+01
3.786711939729762122e+01
3.777807145433380498e+01
3.777381208518472278e+01
3.781101900578244823e+01
3.784172471486401435e+01
3.776342050165863640e+01
3.773412771119306797e+01
3.783356954355301838e+01
3.775270642124523590e+01
3.774784856295944735e+01
3.782936889137137371e+01
3.781895514129351454e+01
3.777097853181602716e+01
3.782068775153183537e+01
3.780491211981048849e+01
3.774691845549158131e+01
3.782851820298428436e+01
3.779012123271107981e+01
3.782145284107863148e+01
3.785319708193487998e+01
3.776048610005280182e+01
3.779194887327115282e+01
3.778358682834580407e+01
3.782153522381258171e+01
3.779699188800462650e+01
3.783079267749080543e+01
3.781667344964837696e+01
3.786051360280341527e+01
3.780604955620297858e+01
3.782872754687864614e+01
3.777898405285365158e+01
3.781640434729790456e+01
3.780940389566946180e+01
3.780926142966110604e+01
3.785610059646467107e+01
3.782479148134419233e+01
3.782158750309402961e+01
3.780295403102150686e+01
3.782509262297985231e+01
3.785366803575244887e+01
3.782274749801212010e+01
3.785838967953792888e+01
3.780788131427790688e+01
3.785874181044693643e+01
3.789701451694858036e+01
3.777881126661561240e+01
3.783984051385593261e+01
3.783297069147052838e+01
3.784800066041880484e+01
3.781320652213417333e+01
3.778379025270156433e+01
3.776418288405606916e+01
3.784725032730671757e+01
3.778955695644932433e+01
3.789844120961507912e+01
3.787742655648632706e+01
3.778612874441567016e+01
3.781732259725833245e+01
3.786088645994726676e+01
3.785081471041708312e+01
3.784298690146842148e+01
3.788029368557416632e+01
3.785255566523233028e+01
3.783692273903644576e+01
3.788679842264126307e+01
3.780790414543362488e+01
3.785962508565334161e+01
3.785616085095214345e+01
3.787760464523405801e+01
3.781708897845825135e+01
3.781086703530877458e+01
3.784822532656129113e+01
3.786055398451783560e+01
3.784453111697149552e+01
3.783150727492029830e+01
3.787244392810249849e+01
3.783091659511546823e+01
3.780718173932875459e+01
3.781921822721358240e+01
3.779712336316786292e+01
3.786384949582162562e+01
3.788967432338219510e+01
3.787857514081666466e+01
3.786468131292150474e+01
3.783623534426730117e+01
3.789373567866876158e+01
3.791249140524838168e+01
3.787749253753899836e+01
3.793003466454177186e+01
3.791861470832498071e+01
3.789001486493993553e+01
3.790330492142259544e+01
3.791143090718175301e+01
3.787054278317325640e+01
3.792049846181645023e+01
3.789001057336939482e+01
3.790891547170848241e+01
3.783328271838399104e+01
3.791995565430896420e+01
3.790987630685929588e+01
3.788876721467420339e+01
3.788691692810530043e+01
3.790351212226222088e+01
3.792984340272533217e+01
3.786914022261863977e+01
3.788164203137201724e+01
3.792854745964642404e+01
3.789006295419589776e+01
3.791894229831005703e+01
3.787155242488667284e+01
3.788539511888278355e+01
3.787937042069632554e+01
3.787093458709237126e+01
3.789476117889533668e+01
3.791352210391400490e+01
3.789821116956183999e+01
3.788950588914713080e+01
3.789997180567614521e+01
3.790381514038354993e+01
3.787351286603691136e+01
3.792658977612379800e+01
3.792683540029035072e+01
3.788523076467358663e+01
3.790932713121367215e+01
3.787092663560592598e+01
3.789088128594092808e+01
3.793583822012789142e+01
3.793665843831082896e+01
3.787200059175936673e+01
3.784357357377368203e+01
3.792378056083018834e+01
3.792388051269346505e+01
3.790986216885116988e+01
3.792381967579211022e+01
3.789557199559145317e+01
3.791758399622206355e+01
3.790536106030585017e+01
3.792751438636968686e+01
3.789213655077878684e+01
3.793057800492999121e+01
3.792487643359621785e+01
3.792373405161485778e+01
3.789934067884313151e+01
3.783559718671138228e+01
3.792692777973089591e+01
3.788263335864893122e+01
3.788557987458640497e+01
3.785792544995412356e+01
3.789625519010007793e+01
3.790325701034974060e+01
3.793678335131515666e+01
3.794423676071791363e+01
3.792450893101664633e+01
3.792657181459749438e+01
3.787236508964528525e+01
3.792251286469490879e+01
3.791067185671573725e+01
3.790703902557551430e+01
3.792668400738484991e+01
3.790357019127269211e+01
3.791010651846440993e+01
3.786771234402047526e+01
3.790802377317153571e+01
3.793859957789411652e+01
3.790994500731053307e+01
3.790035693812958328e+01
3.792610867941935737e+01
3.792376939931750002e+01
3.793107653842692883e+01
3.791795367384089843e+01
3.789663019542680189e+01
3.790955597397560695e+01
3.794284324485148829e+01
3.796238875319199479e+01
3.792284909258697212e+01
3.793190574606072119e+01
3.790711224174642524e+01
3.792844459236847854e+01
3.789349665758250296e+01
3.793270066111254124e+01
3.783898124880496283e+01
3.788827409202265528e+01
3.790991305060335037e+01
3.792263781157042501e+01
3.793124797346994370e+01
3.792921918186667085e+01
3.787018561188464361e+01
3.794598934670722912e+01
3.791485509178708213e+01
3.790352305070933880e+01
3.792245411183011328e+01
3.791186563289586786e+01
3.794052480195703936e+01
3.793092363136234724e+01
3.788444611538160700e+01
3.793332617844738763e+01
3.794191852818406829e+01
3.787691051444605250e+01
3.791620765143886729e+01
3.790191124429171765e+01
3.790987909733513561e+01
3.793589108796800957e+01
3.793831300155971320e+01
3.791895750722517988e+01
3.791809058029080148e+01
3.794722390962961356e+01
3.792698987691704815e+01
3.792517740648253266e+01
3.787705474325728972e+01
3.793288081691493829e+01
3.792095415770073430e+01
3.794991337674012755e+01
3.788137156425206342e+01
3.792265168504873429e+01
3.788051685463585727e+01
3.793084031004865864e+01
3.793039438554961862e+01
3.791684455815470756e+01
3.792958760650232364e+01
3.793150936871992229e+01
3.795594124237902633e+01
3.791097883622282438e+01
3.791880119284589057e+01
3.794089026781706764e+01
3.793122780567234287e+01
3.791018230062859118e+01
3.788929002484744046e+01
3.790254931712546238e+01
3.795207472492786849e+01
3.792910650169573472e+01
3.791048974285858719e+01
3.794381260325229732e+01
3.794057558607984504e+01
3.792632365887014601e+01
3.789406632756107740e+01
3.790273336875530674e+01
3.789434928585892237e+01
3.784157025840347188e+01
3.793044940820020372e+01
3.792124039426182946e+01
3.793160137921142194e+01
3.795572123099456263e+01
3.790753753620500532e+01
3.792471549719032708e+01
3.790831941085561141e+01
3.793547114804907494e+01
3.791344162191664680e+01
3.792242574119013909e+01
3.788939336429136517e+01
3.794748942077669085e+01
3.794240539008048074e+01
3.791850255531342384e+01
3.787623088896710044e+01
3.793228337370273806e+01
3.791154826235165132e+01
3.791412758418127993e+01
3.794985502840283687e+01
3.791505425449234679e+01
3.794907049483892791e+01
3.793231254797673557e+01
3.793868048905572721e+01
3.793680208890847183e+01
3.792137164612671540e+01
3.795207768592644015e+01
3.793078805059573710e+01
3.793317870584778007e+01
3.793573932959447603e+01
3.791964401710792743e+01
3.791242905304808630e+01
3.793521265250969776e+01
3.793056827885023807e+01
3.795639883937026582e+01
3.792602255255293642e+01
3.794144541057193010e+01
3.794036819443330444e+01
3.794981347198402943e+01
3.792535518260761052e+01
3.793217232075774348e+01
3.791970429011092136e+01
3.794204224622494337e+01
3.792326184715326320e+01
3.793783146423255204e+01
3.796290074266769210e+01
3.793116865937749083e+01
3.791923970170395108e+01
3.793342987334082750e+01
3.795352638903186460e+01
3.795356384000901784e+01
3.795582928680750001e+01
3.795251289478805035e+01
3.791442965604021254e+01
3.794391650798515769e+01
3.794806506892690834e+01
3.796374676161493511e+01
3.796076281519570728e+01
3.793019561480696211e+01
3.794374068500023611e+01
3.792490817863481567e+01
3.793252071458652352e+01
3.794132223812101756e+01
3.796416806582178083e+01
3.793400529984216973e+01
3.795113231065395354e+01
3.792433439944212381e+01
3.794970713711272481e+01
3.796577832042819978e+01
3.796033483065404823e+01
3.795983978551835492e+01
3.795299791257029653e+01
3.793644488591701958e+01
3.794912122003418631e+01
3.793906482220112508e+01
3.794286644209358883e+01
3.798414906423383997e+01
3.797333233765858296e+01
3.797160200357357951e+01
3.797105856888774866e+01
3.796118607282738822e+01
3.795429423120125279e+01
3.796214575965531424e+01
3.794584912421053957e+01
3.795127450373821887e+01
3.792591536172251665e+01
3.795917318345468772e+01
3.791386816695280260e+01
3.795791660833176451e+01
3.793363952280759577e+01
3.795990059560300267e+01
3.796398953197215320e+01
3.795543295020527097e+01
3.792460268021505954e+01
3.796962553269052876e+01
3.795075756437817915e+01
3.797834408926136263e+01
3.797476708188423089e+01
3.794323218178523405e+01
3.795515151446556246e+01
3.795881434939894206e+01
3.795423457639100917e+01
3.794359872510925413e+01
3.796379158935864950e+01
3.792145772526497183e+01
3.791435304064966516e+01
3.793279446474316075e+01
3.794792027383415700e+01
3.793387825832744653e+01
3.793124998013742299e+01
3.794950411214217922e+01
3.792012222738843974e+01
3.795203729019790728e+01
3.793321720662642349e+01
3.792269188544695169e+01
3.793777459801970053e+01
3.797081468025033502e+01
3.795571043331720773e+01
3.798007538127491500e+01
3.796211087144408936e+01
3.794971954527233748e+01
3.793969095966946270e+01
3.796304080568988581e+01
3.796849606525319132e+01
3.797054762685473861e+01
3.795020938274964095e+01
3.794827676773873293e+01
3.794460661310118610e+01
3.795720153806767883e+01
3.795540976106284603e+01
3.792652492032797085e+01
3.797600761520887147e+01
3.796067246213797830e+01
3.793706239433664962e+01
3.794227261026436793e+01
3.795959071551452269e+01
3.794953756232850139e+01
3.796928990732617137e+01
3.796593797575614815e+01
3.796279873812419225e+01
3.795054151479441629e+01
3.799169871130253284e+01
3.795510873821152842e+01
3.797465373945963307e+01
3.797265475123914769e+01
3.798499086916434209e+01
3.798513547994080852e+01
3.795959717814135104e+01
3.795922110999997301e+01
3.795543003841078900e+01
3.795310963983526165e+01
3.797840095996194520e+01
3.796061118352000818e+01
3.795553095527348120e+01
3.795860423396424466e+01
3.795909097106579821e+01
3.796734360132315089e+01
3.796721668979526498e+01
3.794644483565255655e+01
3.797017697525295432e+01
3.795378122074765770e+01
3.792954302194416272e+01
3.795303155109444049e+01
3.793571511632222126e+01
3.797611963172761307e+01
3.797546481001298702e+01
3.795873470621235413e+01
3.797580102306722694e+01
3.793572166751444286e+01
3.797529489838444761e+01
3.795737550445548436e+01
3.797325398988410683e+01
3.797601360685987260e+01
3.794629673631381905e+01
3.796763688541987136e+01
3.791500747507136992e+01
3.795858673590717558e+01
3.795957197341502365e+01
3.793733300256712937e+01
3.795396100665807637e+01
3.792147608309653606e+01
3.794205628785496032e+01
3.795750287260661082e+01
3.798155438140874196e+01
3.791169187877803637e+01
3.795728605418506874e+01
3.795926393297006740e+01
3.794417954650814551e+01
3.797380435049225866e+01
3.796363260620573499e+01
3.795766976762857325e+01
3.794689201904813558e+01
3.797056638074480617e+01
3.793963921066482214e+01
3.795464118028758094e+01
3.793634896570697634e+01
3.790557872698025221e+01
3.798575934807773535e+01
3.797107150773380368e+01
3.795763157552155320e+01
3.797656110681065655e+01
3.794154941621315658e+01
3.797111792401805985e+01
3.793340045628451662e+01
3.796389341366867853e+01
3.793737855468963005e+01
3.795988810312910999e+01
3.795537391409699524e+01
3.792236152845939046e+01
3.796317022638388750e+01
3.795343235969210127e+01
3.797390131906781363e+01
3.795377719552116247e+01
3.796380085921285996e+01
3.793457522993642073e+01
3.797179483570619851e+01
3.791794683972118207e+01
3.795930340488310861e+01
3.796910842131074304e+01
3.796738612394874934e+01
3.796185286995164176e+01
3.794961748556247727e+01
3.792904432418144722e+01
3.797780676247293030e+01
3.795834940508795086e+01
3.797824580200531130e+01
3.796461848379919957e+01
3.796843941247770715e+01
3.797110457517347726e+01
3.796040005353034985e+01
3.796921968631762923e+01
3.797284479109596589e+01
3.789292267374658252e+01
3.791502242629042030e+01
3.796341670750535968e+01
3.798184284957602586e+01
3.797370214334101490e+01
3.798412775443570411e+01
3.798409685872913144e+01
3.799476182286718995e+01
3.795892398967873760e+01
3.796461007924976627e+01
3.797040676575001328e+01
3.798086413186517518e+01
3.795611689020828550e+01
3.795632997399927433e+01
3.795230041007448563e+01
3.795031414862131669e+01
3.797460988470417931e+01
3.796583493638983242e+01
3.797786176387962342e+01
3.799027517867326509e+01
3.797407987968159659e+01
3.796196518709690793e+01
3.797560755617789141e+01
3.797513025276827392e+01
3.795996193618010039e+01
3.797865933711581476e+01
3.795762467184285782e+01
3.797692726186401302e+01
3.794542521695752413e+01
3.795423309443192750e+01
3.796608071802081241e+01
3.797141341663068204e+01
3.796554036716690916e+01
3.796912584834596061e+01
3.796579530172228800e+01
3.797768063706443797e+01
3.798237877121322015e+01
3.797263099318313095e+01
3.797610076533545964e+01
3.798650735135306888e+01
3.796773666507513667e+01
3.797444609945008409e+01
3.796240232676481696e+01
3.797419860251604717e+01
3.797080249943290653e+01
3.797796132206489972e+01
3.799464954845142017e+01
3.796909964573434593e+01
3.796281410212850460e+01
3.797220163736108134e+01
3.796570821895079462e+01
3.796680566327116679e+01
3.796554431533925111e+01
3.795137704934317213e+01
3.798153814604332013e+01
3.796068322420960328e+01
3.796554112510191459e+01
3.797490969574335651e+01
3.794873060768654938e+01
3.795683115716231981e+01
3.797861276669483743e+01
3.795277127618339819e+01
3.795444112758033128e+01
3.799046166652683354e+01
3.796826565833956835e+01
3.797374048236092392e+01
3.796896634694993367e+01
3.797023949220313455e+01
3.798719351728470173e+01
3.797626772053781963e+01
3.798879614205371524e+01
3.798119007356005739e+01
3.796972915040676355e+01
3.797792393834944846e+01
3.796553745329167384e+01
3.798945344487203357e+01
3.798986251697259320e+01
3.796744246063576611e+01
3.796054047199615411e+01
3.797072539723018991e+01
3.798672002806910086e+01
3.797780839382846096e+01
3.797578819245034509e+01
3.798221495022994532e+01
3.798214343970661133e+01
3.798745053517632897e+01
3.797878802342749083e+01
3.798214656668197620e+01
3.798864825591898864e+01
3.797677069727296839e+01
3.798110075443955935e+01
3.794035550252642963e+01
3.797639596008757223e+01
3.797605313979362052e+01
3.797639113694796009e+01
3.796163496974609330e+01
3.797415556804826053e+01
3.798110404967921028e+01
3.799109092837678503e+01
3.797142975537293097e+01
3.797544875155695365e+01
3.798142379765051402e+01
3.797996004571452033e+01
3.796429139236772698e+01
3.797238385451346687e+01
3.798463131395202197e+01
3.797841712366064826e+01
3.799565571444833267e+01
3.799450019234183173e+01
3.795362900681859486e+01
3.799071219646195630e+01
3.798470569114950024e+01
3.798610032245916557e+01
3.797696429106072458e+01
3.796118499808824254e+01
3.795291379214126692e+01
3.798534559749104034e+01
3.798542701802428923e+01
3.798702323815263071e+01
3.798209539621562669e+01
3.797531110097260409e+01
3.799689951725704162e+01
3.798331704434762202e+01
3.798095355668191075e+01
3.798039327261187026e+01
3.796879189137096944e+01
3.799996876846020655e+01
3.797012419299177566e+01
3.798690715278912222e+01
3.797148524470402720e+01
3.796858471107564981e+01
3.797613260410071945e+01
3.798318900766772543e+01
3.798642417143845051e+01
3.798051108254807673e+01
3.795623077253970479e+01
3.800217953217549649e+01
3.799992593409896102e+01
3.799154641279645972e+01
3.797945147163142821e+01
3.796651660909672188e+01
3.797678861462321009e+01
3.799140482289192988e+01
3.795340952206962015e+01
3.797783648904091081e+01
3.798239798280258128e+01
3.798285504693804882e+01
3.796487560889818980e+01
3.798880624853808285e+01
3.798270766588088776e+01
3.795385866255664098e+01
3.798706699475353332e+01
3.798056715076577916e+01
3.798264982202040585e+01
3.798998985215708046e+01
3.798200624905588541e+01
3.797464857016571216e+01
3.797150288005146024e+01
3.798635575273046072e+01
3.799577978059578243e+01
3.799080620524502194e+01
3.797540623096377033e+01
3.798326711694479485e+01
3.799448812000294851e+01
3.798299323134121153e+01
3.797391247419525229e+01
3.797743746137403065e+01
3.797231879987371883e+01
3.795227738018225239e+01
3.798514177392090119e+01
3.796776707346028701e+01
3.795189058305491159e+01
3.798046087459984221e+01
3.798498964972036163e+01
3.798760700486096908e+01
3.798111726753418793e+01
3.799007821549297148e+01
3.797412063967375673e+01
3.796654203619299039e+01
3.799164424449022448e+01
3.798609428235290153e+01
3.796683431021930488e+01
3.799041064465004069e+01
3.798638110680435176e+01
3.798713948059958057e+01
3.798368495660630373e+01
3.796074972168419492e+01
3.798508890739260835e+01
3.797810900850530658e+01
3.799380921910108100e+01
3.796615916951302694e+01
3.800222296659795518e+01
3.796049758108965477e+01
3.798037882130977039e+01
3.797807596910054428e+01
3.798721932386605715e+01
3.798142584567438718e+01
3.796210494995018792e+01
3.799652311767447088e+01
3.798827573409283787e+01
3.799335092610141373e+01
3.798865976723065074e+01
3.798063278274263155e+01
3.798639490672061925e+01
3.799409746092099027e+01
3.794175770978406348e+01
3.798794909297856037e+01
3.798414022292372749e+01
3.796696799094826247e+01
3.799220892544804684e+01
3.795309111552233361e+01
3.795276431511058490e+01
3.797071857745940093e+01
3.800238391156294426e+01
3.798590758877001150e+01
3.798442035810045070e+01
3.796791265713812180e+01
3.797439226784986488e+01
3.797540252597888610e+01
3.798296317884047824e+01
3.798636509734284061e+01
3.797944133255509769e+01
3.797669856233781616e+01
3.796278958486254140e+01
3.797881692425313815e+01
3.798742191986099925e+01
3.798308230258032836e+01
3.797143881751980388e+01
3.797620911920459719e+01
3.798918656697175322e+01
3.797823016676726127e+01
3.798670868427471703e+01
3.799430987654987746e+01
3.799164531601154238e+01
3.798475962511207626e+01
3.798336635417854268e+01
3.799502415602464822e+01
3.797491792528266785e+01
3.798956401679247108e+01
3.798774845794160626e+01
3.799430368942430647e+01
3.799210458932216739e+01
3.797599221902827082e+01
3.799338341646880224e+01
3.797896091799363205e+01
3.798796058331399905e+01
3.798635241368587856e+01
3.797727997416412649e+01
3.798702039804261688e+01
3.798467340434452666e+01
3.799144306141981531e+01
3.798630398584830914e+01
3.798286193247139408e+01
3.797718125378449372e+01
3.798196301863088564e+01
3.798722191071981058e+01
3.798405266317313789e+01
3.798850254462897169e+01
3.799417275678227668e+01
3.799464221529962060e+01
3.799603827019892321e+01
3.798949022769802752e+01
3.799991833246871664e+01
3.798228658704247351e+01
3.798588686785362256e+01
3.799607070825126698e+01
3.797783902053026850e+01
3.798300260200706902e+01
3.796507537931761789e+01
3.799996525028016237e+01
3.799813790195472762e+01
3.798872811467118282e+01
3.798231831339266762e+01
3.798171312870759664e+01
3.796949748120154311e+01
3.797712596512813121e+01
3.797313271103259069e+01
3.799230602571090287e+01
3.799364745284739797e+01
3.797234261193036531e+01
3.798057145347726049e+01
3.798728930695855155e+01
3.798259935533350529e+01
3.799039359101963953e+01
3.797726062208514719e+01
3.798812036266632219e+01
3.799312417050280288e+01
3.798155955976988452e+01
3.798631392117476935e+01
3.799414380227357668e+01
3.796849303199440584e+01
3.797923843691186363e+01
3.796201982975726708e+01
3.797925142185681580e+01
3.797736249771880779e+01
3.795900230529872488e+01
3.797261246990410655e+01
3.796967234668527880e+01
3.799117136621173074e+01
3.798717234394190712e+01
3.798400510951385201e+01
3.799789007601376767e+01
3.798492343303382768e+01
3.798794038400836115e+01
3.798516166134466943e+01
3.798505004266363727e+01
3.797585186105383315e+01
3.799798215992277051e+01
3.797664114945091285e+01
3.796644151396311884e+01
3.797477946726095865e+01
3.799410041035140750e+01
3.799765664079761507e+01
3.799657694029946953e+01
3.798997881170669899e+01
3.800696221706855482e+01
3.797676947698086281e+01
3.798603986315482928e+01
3.798106283620377610e+01
3.798289843922184872e+01
3.799417489712465112e+01
3.799191666176427873e+01
3.798550745960543651e+01
3.797745726875541550e+01
3.798861738068039529e+01
3.798259946337249460e+01
3.798801682682999115e+01
3.798385721208395438e+01
3.798532881500049996e+01
3.798069949051355820e+01
3.798971422656337893e+01
3.799275778295442763e+01
3.798577969216439953e+01
3.800119026698909153e+01
3.799423876035853453e+01
3.798046524178992200e+01
3.799244604580400164e+01
3.799536171315388344e+01
3.798850940012570021e+01
3.798589472578243686e+01
3.799258150380183707e+01
3.799884799234985167e+01
3.798657728117313326e+01
3.798519004598104942e+01
3.798925813400281726e+01
3.798624547432867615e+01
3.798368953456381547e+01
3.796756027246268417e+01
3.798045594116422308e+01
3.799595208499606258e+01
3.797913461288951709e+01
3.798036927309436805e+01
3.796469953736810510e+01
3.798146081957397513e+01
3.797895336423248125e+01
3.798598556071011956e+01
3.799237985709403631e+01
3.798839603132313414e+01
3.797706536996157922e+01
3.796166438823404121e+01
3.799193401676750170e+01
3.797959315821434956e+01
3.798514617698037910e+01
3.799221960820546684e+01
3.798768167196067225e+01
3.798410791631658157e+01
3.798871890548722519e+01
3.798460601124622826e+01
3.798263661846026196e+01
3.799068081363073901e+01
3.798859464002958930e+01
3.799484092193527829e+01
3.799786790836640193e+01
3.799629930437475167e+01
3.798982694397018633e+01
3.799004124201354671e+01
3.800135453994042933e+01
3.799593215909420962e+01
3.798603684909780043e+01
3.797778853596051363e+01
3.799658543180530756e+01
3.799565652637435420e+01
3.799066234530523900e+01
3.799286985228754787e+01
3.799957869079022288e+01
3.799764556113027680e+01
3.799590327212737151e+01
3.799120813823800802e+01
3.798902093901205035e+01
3.798426914477489191e+01
3.799136437939695554e+01
3.797463301868245367e+01
3.799110846994695123e+01
3.799165928398896597e+01
3.799011054009353217e+01
3.799265125245519670e+01
3.799995423051763055e+01
3.800116372140941934e+01
3.798379232628663260e+01
3.799237415871672141e+01
3.798363090442801138e+01
3.800012498755248913e+01
3.798736523545218091e+01
3.797153927900814807e+01
3.799674541756307633e+01
3.798559905680787807e+01
3.798188718356998095e+01
3.799071547150251149e+01
3.796902176424302411e+01
3.799606919838473829e+01
3.798282244482773962e+01
3.798557779680713509e+01
3.799783208482809016e+01
3.799758942107860094e+01
3.799802454898976123e+01
3.798544480094660969e+01
