2.795279999999999987e+01
2.825890000000000057e+01
2.893609999999999971e+01
2.940220000000000056e+01
2.966349999999999909e+01
2.991779999999999973e+01
2.999780000000000157e+01
3.015109999999999957e+01
3.032819999999999894e+01
3.037910000000000110e+01
3.045850000000000080e+01
3.052499999999999858e+01
3.058119999999999905e+01
3.049609999999999843e+01
3.067030000000000101e+01
3.060129999999999839e+01
3.067050000000000054e+01
3.079189999999999827e+01
3.073280000000000101e+01
3.085079999999999956e+01
3.088090000000000046e+01
3.082610000000000028e+01
3.096000000000000085e+01
3.094429999999999836e+01
3.095520000000000138e+01
3.096430000000000149e+01
3.091390000000000171e+01
3.105910000000000082e+01
3.097080000000000055e+01
3.106459999999999866e+01
3.096740000000000137e+01
3.104830000000000112e+01
3.105770000000000053e+01
3.111090000000000089e+01
3.105089999999999861e+01
3.107219999999999871e+01
3.107329999999999970e+01
3.107460000000000022e+01
3.115040000000000120e+01
3.112379999999999924e+01
3.118840000000000146e+01
3.113739999999999952e+01
3.105000000000000071e+01
3.113889999999999958e+01
3.104220000000000113e+01
3.108530000000000015e+01
3.121440000000000126e+01
3.124759999999999849e+01
3.122660000000000124e+01
3.124330000000000140e+01
3.124269999999999925e+01
3.124099999999999966e+01
3.129850000000000065e+01
3.127120000000000033e+01
3.131080000000000041e+01
3.126960000000000051e+01
3.130920000000000059e+01
3.130030000000000001e+01
3.129019999999999868e+01
3.125850000000000151e+01
3.134110000000000085e+01
3.135760000000000147e+01
3.128960000000000008e+01
3.133439999999999870e+01
3.133999999999999986e+01
3.135320000000000107e+01
3.128750000000000142e+01
3.135960000000000036e+01
3.142200000000000060e+01
3.138850000000000051e+01
3.141280000000000072e+01
3.139010000000000034e+01
3.139199999999999946e+01
3.135630000000000095e+01
3.133170000000000144e+01
3.127570000000000050e+01
3.144760000000000133e+01
3.142360000000000042e+01
3.141019999999999968e+01
3.143090000000000117e+01
3.145139999999999958e+01
3.141550000000000153e+01
3.137330000000000041e+01
3.147909999999999897e+01
3.139509999999999934e+01
3.139679999999999893e+01
3.145560000000000045e+01
3.141479999999999961e+01
3.144399999999999906e+01
3.143189999999999884e+01
3.144999999999999929e+01
3.147459999999999880e+01
3.146509999999999962e+01
3.148270000000000124e+01
3.144460000000000122e+01
3.154260000000000019e+01
3.153170000000000073e+01
3.150969999999999871e+01
3.150890000000000057e+01
3.154949999999999832e+01
3.155780000000000030e+01
3.145349999999999824e+01
3.149239999999999995e+01
3.151340000000000074e+01
3.147939999999999827e+01
3.152710000000000079e+01
3.153200000000000003e+01
3.153679999999999950e+01
3.141939999999999955e+01
3.154650000000000176e+01
3.155359999999999943e+01
3.142370000000000019e+01
3.157300000000000040e+01
3.149159999999999826e+01
3.152189999999999870e+01
3.147589999999999932e+01
3.156330000000000169e+01
3.152489999999999881e+01
3.150450000000000017e+01
3.154980000000000118e+01
3.159189999999999898e+01
3.145870000000000033e+01
3.157880000000000109e+01
3.157319999999999993e+01
3.158030000000000115e+01
3.154449999999999932e+01
3.152789999999999893e+01
3.155910000000000082e+01
3.157710000000000150e+01
3.159319999999999951e+01
3.159740000000000038e+01
3.155580000000000140e+01
3.154240000000000066e+01
3.159290000000000020e+01
3.159039999999999893e+01
3.157949999999999946e+01
3.161129999999999995e+01
3.162869999999999848e+01
3.160950000000000060e+01
3.162409999999999854e+01
3.162659999999999982e+01
3.155620000000000047e+01
3.158370000000000033e+01
3.158729999999999905e+01
3.155359999999999943e+01
3.166880000000000095e+01
3.153109999999999857e+01
3.165980000000000061e+01
3.163190000000000168e+01
3.160719999999999885e+01
3.158459999999999823e+01
3.156070000000000064e+01
3.154159999999999897e+01
3.162249999999999872e+01
3.156579999999999941e+01
3.165909999999999869e+01
3.157460000000000022e+01
3.168609999999999971e+01
3.157969999999999899e+01
3.159380000000000166e+01
3.159270000000000067e+01
3.165449999999999875e+01
3.159039999999999893e+01
3.160930000000000106e+01
3.167569999999999908e+01
3.170830000000000126e+01
3.169729999999999848e+01
3.165549999999999997e+01
3.169829999999999970e+01
3.162959999999999994e+01
3.167539999999999978e+01
3.169999999999999929e+01
3.169170000000000087e+01
3.160500000000000043e+01
3.168189999999999884e+01
3.165650000000000119e+01
3.167940000000000111e+01
3.165919999999999845e+01
3.169300000000000139e+01
3.167210000000000036e+01
3.165630000000000166e+01
3.167330000000000112e+01
3.168070000000000164e+01
3.168080000000000140e+01
3.162719999999999843e+01
3.166750000000000043e+01
3.165609999999999857e+01
3.169340000000000046e+01
3.169790000000000063e+01
3.167889999999999873e+01
3.167259999999999920e+01
3.169859999999999900e+01
3.166000000000000014e+01
3.172279999999999944e+01
3.166199999999999903e+01
3.168690000000000140e+01
3.168900000000000006e+01
3.170749999999999957e+01
3.166250000000000142e+01
3.166359999999999886e+01
3.179179999999999851e+01
3.172790000000000177e+01
3.176719999999999899e+01
3.176599999999999824e+01
3.174500000000000099e+01
3.177720000000000056e+01
3.175769999999999982e+01
3.179840000000000089e+01
3.176739999999999853e+01
3.175989999999999824e+01
3.180870000000000175e+01
3.175329999999999941e+01
3.178389999999999915e+01
3.179789999999999850e+01
3.179149999999999920e+01
3.174980000000000047e+01
3.181119999999999948e+01
3.178140000000000143e+01
3.175690000000000168e+01
3.178300000000000125e+01
3.180069999999999908e+01
3.177489999999999881e+01
3.176999999999999957e+01
3.177280000000000015e+01
3.173049999999999926e+01
3.179149999999999920e+01
3.180130000000000123e+01
3.178079999999999927e+01
3.180170000000000030e+01
3.179210000000000136e+01
3.178130000000000166e+01
3.180640000000000001e+01
3.176930000000000121e+01
3.179670000000000130e+01
3.180099999999999838e+01
3.179309999999999903e+01
3.178249999999999886e+01
3.181180000000000163e+01
3.180760000000000076e+01
3.182049999999999912e+01
3.180320000000000036e+01
3.179919999999999902e+01
3.178719999999999857e+01
3.181830000000000069e+01
3.182659999999999911e+01
3.178490000000000038e+01
3.179700000000000060e+01
3.174899999999999878e+01
3.179319999999999879e+01
3.180049999999999955e+01
3.179850000000000065e+01
3.182150000000000034e+01
3.177899999999999991e+01
3.180949999999999989e+01
3.176300000000000168e+01
3.176950000000000074e+01
3.181429999999999936e+01
3.180549999999999855e+01
3.183930000000000149e+01
3.178089999999999904e+01
3.183589999999999876e+01
3.180189999999999984e+01
3.183389999999999986e+01
3.180440000000000111e+01
3.180460000000000065e+01
3.180940000000000012e+01
3.178640000000000043e+01
3.182669999999999888e+01
3.180440000000000111e+01
3.178389999999999915e+01
3.184600000000000009e+01
3.184039999999999893e+01
3.183289999999999864e+01
3.183999999999999986e+01
3.182049999999999912e+01
3.182189999999999941e+01
3.181070000000000064e+01
3.182260000000000133e+01
3.181589999999999918e+01
3.182829999999999870e+01
3.185109999999999886e+01
3.183380000000000010e+01
3.183190000000000097e+01
3.184509999999999863e+01
3.181929999999999836e+01
3.184390000000000143e+01
3.183419999999999916e+01
3.183269999999999911e+01
3.176239999999999952e+01
3.182400000000000162e+01
3.177720000000000056e+01
3.183790000000000120e+01
3.182999999999999829e+01
3.184990000000000165e+01
3.183419999999999916e+01
3.184949999999999903e+01
3.180910000000000082e+01
3.182799999999999940e+01
3.182639999999999958e+01
3.182069999999999865e+01
3.182620000000000005e+01
3.181390000000000029e+01
3.180949999999999989e+01
3.182809999999999917e+01
3.182400000000000162e+01
3.183960000000000079e+01
3.182819999999999894e+01
3.177919999999999945e+01
3.178379999999999939e+01
3.183139999999999858e+01
3.182069999999999865e+01
3.180000000000000071e+01
3.184649999999999892e+01
3.184909999999999997e+01
3.184850000000000136e+01
3.182219999999999871e+01
3.184209999999999852e+01
3.183930000000000149e+01
3.184149999999999991e+01
3.183520000000000039e+01
3.181709999999999994e+01
3.184329999999999927e+01
3.184759999999999991e+01
3.183840000000000003e+01
3.181700000000000017e+01
3.185839999999999961e+01
3.179609999999999914e+01
3.188589999999999947e+01
3.185579999999999856e+01
3.185020000000000095e+01
3.184169999999999945e+01
3.181009999999999849e+01
3.184730000000000061e+01
3.185279999999999845e+01
3.185549999999999926e+01
3.185510000000000019e+01
3.182260000000000133e+01
3.185610000000000142e+01
3.185360000000000014e+01
3.185030000000000072e+01
3.185490000000000066e+01
3.187969999999999970e+01
3.183569999999999922e+01
3.181960000000000122e+01
3.183340000000000103e+01
3.188329999999999842e+01
3.184669999999999845e+01
3.184430000000000049e+01
3.186420000000000030e+01
3.189170000000000016e+01
3.190070000000000050e+01
3.187109999999999843e+01
3.185020000000000095e+01
3.184850000000000136e+01
3.189359999999999928e+01
3.185150000000000148e+01
3.184179999999999922e+01
3.185399999999999920e+01
3.186169999999999902e+01
3.188100000000000023e+01
3.186540000000000106e+01
3.186250000000000071e+01
3.185739999999999839e+01
3.188169999999999860e+01
3.186890000000000001e+01
3.181739999999999924e+01
3.185579999999999856e+01
3.185399999999999920e+01
3.186070000000000135e+01
3.185610000000000142e+01
3.187849999999999895e+01
3.181739999999999924e+01
3.183689999999999998e+01
3.185519999999999996e+01
3.186280000000000001e+01
3.186779999999999902e+01
3.184619999999999962e+01
3.187229999999999919e+01
3.185900000000000176e+01
3.187239999999999895e+01
3.187170000000000059e+01
3.189430000000000121e+01
3.185900000000000176e+01
3.182110000000000127e+01
3.185099999999999909e+01
3.184840000000000160e+01
3.186599999999999966e+01
3.185369999999999990e+01
3.186919999999999931e+01
3.186730000000000018e+01
3.187330000000000041e+01
3.184789999999999921e+01
3.187249999999999872e+01
3.187259999999999849e+01
3.181790000000000163e+01
3.185539999999999949e+01
3.185439999999999827e+01
3.182049999999999912e+01
3.189130000000000109e+01
3.185290000000000177e+01
3.189369999999999905e+01
3.189890000000000114e+01
3.191159999999999997e+01
3.189730000000000132e+01
3.192259999999999920e+01
3.193299999999999983e+01
3.190540000000000020e+01
3.191740000000000066e+01
3.189709999999999823e+01
3.190500000000000114e+01
3.192869999999999919e+01
3.191979999999999862e+01
3.192500000000000071e+01
3.193779999999999930e+01
3.192810000000000059e+01
3.190090000000000003e+01
3.191629999999999967e+01
3.190630000000000166e+01
3.192129999999999868e+01
3.190820000000000078e+01
3.191600000000000037e+01
3.191499999999999915e+01
3.192930000000000135e+01
3.192989999999999995e+01
3.191659999999999897e+01
3.192670000000000030e+01
3.192160000000000153e+01
3.192089999999999961e+01
3.190670000000000073e+01
3.191130000000000067e+01
3.191349999999999909e+01
3.190540000000000020e+01
3.192259999999999920e+01
3.190729999999999933e+01
3.188060000000000116e+01
3.193309999999999960e+01
3.192000000000000171e+01
3.192439999999999856e+01
3.190530000000000044e+01
3.192520000000000024e+01
3.192010000000000147e+01
3.193169999999999931e+01
3.191979999999999862e+01
3.188899999999999935e+01
3.189620000000000033e+01
3.193809999999999860e+01
3.192220000000000013e+01
3.192330000000000112e+01
3.191280000000000072e+01
3.190990000000000038e+01
3.192200000000000060e+01
3.193179999999999907e+01
3.190909999999999869e+01
3.192460000000000164e+01
3.193700000000000117e+01
3.191659999999999897e+01
3.193720000000000070e+01
3.192849999999999966e+01
3.192810000000000059e+01
3.192680000000000007e+01
3.191819999999999879e+01
3.192480000000000118e+01
3.191629999999999967e+01
3.192549999999999955e+01
3.190709999999999980e+01
3.193189999999999884e+01
3.194729999999999848e+01
3.190830000000000055e+01
3.188439999999999941e+01
3.193209999999999837e+01
3.191610000000000014e+01
3.192610000000000170e+01
3.193509999999999849e+01
3.195520000000000138e+01
3.193120000000000047e+01
3.188789999999999836e+01
3.193370000000000175e+01
3.192960000000000065e+01
3.193730000000000047e+01
3.192760000000000176e+01
3.194699999999999918e+01
3.192999999999999972e+01
3.194579999999999842e+01
3.192660000000000053e+01
3.191929999999999978e+01
3.194519999999999982e+01
3.194699999999999918e+01
3.192960000000000065e+01
3.193410000000000082e+01
3.191799999999999926e+01
3.193220000000000169e+01
3.192820000000000036e+01
3.193230000000000146e+01
3.191260000000000119e+01
3.196199999999999974e+01
3.192899999999999849e+01
3.194340000000000046e+01
3.193299999999999983e+01
3.194089999999999918e+01
3.193580000000000041e+01
3.194030000000000058e+01
3.192650000000000077e+01
3.193570000000000064e+01
3.192500000000000071e+01
3.193570000000000064e+01
3.192330000000000112e+01
3.193730000000000047e+01
3.194119999999999848e+01
3.194480000000000075e+01
3.192940000000000111e+01
3.194859999999999900e+01
3.192610000000000170e+01
3.194160000000000110e+01
3.194739999999999824e+01
3.193880000000000052e+01
3.194660000000000011e+01
3.191300000000000026e+01
3.191809999999999903e+01
3.191860000000000142e+01
3.192920000000000158e+01
3.194180000000000064e+01
3.186899999999999977e+01
3.195730000000000004e+01
3.191379999999999839e+01
3.189239999999999853e+01
3.194760000000000133e+01
3.192050000000000054e+01
3.194750000000000156e+01
3.194519999999999982e+01
3.191829999999999856e+01
3.192760000000000176e+01
3.194409999999999883e+01
3.196590000000000131e+01
3.193789999999999907e+01
3.192210000000000036e+01
3.192259999999999920e+01
3.196509999999999962e+01
3.191359999999999886e+01
3.192790000000000106e+01
3.194480000000000075e+01
3.193830000000000169e+01
3.193059999999999832e+01
3.193880000000000052e+01
3.191489999999999938e+01
3.192399999999999949e+01
3.194660000000000011e+01
3.194129999999999825e+01
3.194190000000000040e+01
3.194699999999999918e+01
3.192370000000000019e+01
3.192999999999999972e+01
3.194630000000000081e+01
3.192439999999999856e+01
3.194010000000000105e+01
3.193159999999999954e+01
3.193759999999999977e+01
3.193759999999999977e+01
3.195129999999999981e+01
3.195110000000000028e+01
3.193169999999999931e+01
3.194229999999999947e+01
3.193560000000000088e+01
3.193530000000000157e+01
3.192460000000000164e+01
3.192620000000000147e+01
3.192830000000000013e+01
3.192279999999999873e+01
3.192010000000000147e+01
3.195420000000000016e+01
3.194279999999999831e+01
3.192559999999999931e+01
3.191100000000000136e+01
3.191570000000000107e+01
3.195489999999999853e+01
3.193840000000000146e+01
3.195339999999999847e+01
3.193280000000000030e+01
3.191789999999999949e+01
3.194300000000000139e+01
3.195730000000000004e+01
3.194040000000000035e+01
3.193939999999999912e+01
3.192680000000000007e+01
3.194409999999999883e+01
3.194529999999999959e+01
3.193870000000000076e+01
3.195080000000000098e+01
3.191059999999999874e+01
3.193240000000000123e+01
3.193410000000000082e+01
3.192200000000000060e+01
3.192729999999999890e+01
3.194259999999999877e+01
3.194849999999999923e+01
3.194209999999999994e+01
3.192709999999999937e+01
3.194460000000000122e+01
3.192780000000000129e+01
3.194960000000000022e+01
3.194219999999999970e+01
3.196030000000000015e+01
3.195129999999999981e+01
3.196020000000000039e+01
3.194679999999999964e+01
3.195949999999999847e+01
3.197159999999999869e+01
3.194849999999999923e+01
3.196900000000000119e+01
3.197490000000000165e+01
3.196890000000000143e+01
3.196229999999999905e+01
3.194770000000000110e+01
3.196780000000000044e+01
3.196999999999999886e+01
3.195070000000000121e+01
3.195530000000000115e+01
3.195339999999999847e+01
3.196750000000000114e+01
3.196859999999999857e+01
3.197739999999999938e+01
3.195850000000000080e+01
3.196699999999999875e+01
3.197449999999999903e+01
3.195880000000000010e+01
3.196519999999999939e+01
3.196229999999999905e+01
3.198079999999999856e+01
3.195700000000000074e+01
3.197299999999999898e+01
3.197950000000000159e+01
3.196069999999999922e+01
3.196229999999999905e+01
3.197329999999999828e+01
3.197800000000000153e+01
3.195129999999999981e+01
3.196099999999999852e+01
3.196880000000000166e+01
3.198120000000000118e+01
3.195710000000000051e+01
3.197609999999999886e+01
3.196689999999999898e+01
3.195609999999999928e+01
3.197299999999999898e+01
3.196209999999999951e+01
3.195510000000000161e+01
3.197670000000000101e+01
3.199879999999999924e+01
3.195570000000000022e+01
3.197629999999999839e+01
3.196450000000000102e+01
3.197629999999999839e+01
3.197100000000000009e+01
3.196740000000000137e+01
3.196770000000000067e+01
3.196030000000000015e+01
3.197520000000000095e+01
3.197459999999999880e+01
3.197429999999999950e+01
3.198699999999999832e+01
3.196270000000000167e+01
3.196039999999999992e+01
3.195850000000000080e+01
3.198000000000000043e+01
3.195929999999999893e+01
3.197459999999999880e+01
3.196099999999999852e+01
3.197909999999999897e+01
3.195799999999999841e+01
3.197139999999999915e+01
3.196030000000000015e+01
3.196099999999999852e+01
3.196369999999999933e+01
3.195390000000000086e+01
3.197469999999999857e+01
3.195390000000000086e+01
3.197340000000000160e+01
3.196069999999999922e+01
3.197190000000000154e+01
3.196620000000000061e+01
3.195530000000000115e+01
3.196099999999999852e+01
3.195970000000000155e+01
3.196270000000000167e+01
3.197050000000000125e+01
3.195899999999999963e+01
3.196320000000000050e+01
3.196180000000000021e+01
3.198300000000000054e+01
3.198019999999999996e+01
3.197129999999999939e+01
3.197350000000000136e+01
3.196199999999999974e+01
3.196559999999999846e+01
3.198839999999999861e+01
3.195499999999999829e+01
3.196180000000000021e+01
3.195499999999999829e+01
3.197790000000000177e+01
3.197860000000000014e+01
3.197370000000000090e+01
3.199089999999999989e+01
3.196640000000000015e+01
3.196969999999999956e+01
3.197019999999999840e+01
3.196930000000000049e+01
3.196290000000000120e+01
3.197240000000000038e+01
3.197329999999999828e+01
3.196809999999999974e+01
3.197729999999999961e+01
3.196819999999999951e+01
3.198100000000000165e+01
3.196679999999999922e+01
3.195629999999999882e+01
3.196630000000000038e+01
3.197739999999999938e+01
3.198170000000000002e+01
3.196819999999999951e+01
3.197690000000000055e+01
3.199589999999999890e+01
3.196270000000000167e+01
3.197100000000000009e+01
3.197269999999999968e+01
3.198939999999999984e+01
3.198189999999999955e+01
3.197929999999999851e+01
3.196509999999999962e+01
3.196920000000000073e+01
3.197340000000000160e+01
3.196069999999999922e+01
3.196600000000000108e+01
3.197210000000000107e+01
3.196940000000000026e+01
3.197390000000000043e+01
3.197759999999999891e+01
3.196740000000000137e+01
3.196219999999999928e+01
3.197329999999999828e+01
3.194770000000000110e+01
3.196709999999999852e+01
3.197070000000000078e+01
3.197149999999999892e+01
3.196020000000000039e+01
3.195730000000000004e+01
3.196249999999999858e+01
3.198130000000000095e+01
3.197269999999999968e+01
3.197200000000000131e+01
3.196930000000000049e+01
3.198010000000000019e+01
3.197810000000000130e+01
3.198549999999999827e+01
3.198710000000000164e+01
3.198300000000000054e+01
3.199170000000000158e+01
3.198969999999999914e+01
3.198760000000000048e+01
3.196790000000000020e+01
3.197180000000000177e+01
3.197660000000000124e+01
3.197879999999999967e+01
3.199390000000000001e+01
3.197779999999999845e+01
3.196930000000000049e+01
3.197729999999999961e+01
3.197629999999999839e+01
3.196730000000000160e+01
3.199530000000000030e+01
3.197919999999999874e+01
3.197439999999999927e+01
3.197869999999999990e+01
3.198450000000000060e+01
3.198120000000000118e+01
3.196130000000000138e+01
3.197210000000000107e+01
3.196300000000000097e+01
3.198600000000000065e+01
3.196470000000000056e+01
3.197510000000000119e+01
3.196490000000000009e+01
3.197690000000000055e+01
3.198529999999999873e+01
3.195380000000000109e+01
3.195990000000000109e+01
3.197200000000000131e+01
3.197100000000000009e+01
3.198280000000000101e+01
3.197469999999999857e+01
3.197950000000000159e+01
3.199500000000000099e+01
3.196920000000000073e+01
3.197860000000000014e+01
3.197929999999999851e+01
3.198120000000000118e+01
3.199409999999999954e+01
3.197729999999999961e+01
3.198280000000000101e+01
3.196249999999999858e+01
3.197180000000000177e+01
3.197749999999999915e+01
3.199569999999999936e+01
3.198610000000000042e+01
3.198209999999999908e+01
3.199020000000000152e+01
3.197439999999999927e+01
3.198809999999999931e+01
3.199510000000000076e+01
3.199239999999999995e+01
3.198600000000000065e+01
3.198389999999999844e+01
3.198509999999999920e+01
3.198140000000000072e+01
3.199139999999999873e+01
3.199190000000000111e+01
3.199119999999999919e+01
3.198329999999999984e+01
3.197980000000000089e+01
3.198239999999999839e+01
3.199320000000000164e+01
3.198730000000000118e+01
3.198620000000000019e+01
3.199940000000000140e+01
3.199010000000000176e+01
3.198730000000000118e+01
3.198720000000000141e+01
3.198829999999999885e+01
3.199099999999999966e+01
3.199259999999999948e+01
3.199630000000000152e+01
3.197200000000000131e+01
3.198339999999999961e+01
3.199190000000000111e+01
3.198920000000000030e+01
3.198000000000000043e+01
3.198819999999999908e+01
3.198860000000000170e+01
3.198890000000000100e+01
3.199419999999999931e+01
3.199830000000000041e+01
3.200130000000000052e+01
3.199089999999999989e+01
3.200050000000000239e+01
3.199259999999999948e+01
3.199099999999999966e+01
3.199419999999999931e+01
3.199119999999999919e+01
3.198389999999999844e+01
3.200200000000000244e+01
3.199599999999999866e+01
3.199099999999999966e+01
3.199719999999999942e+01
3.199790000000000134e+01
3.199889999999999901e+01
3.197950000000000159e+01
3.198529999999999873e+01
3.198189999999999955e+01
3.199480000000000146e+01
3.198770000000000024e+01
3.199699999999999989e+01
3.199909999999999854e+01
3.199549999999999983e+01
3.198369999999999891e+01
3.198659999999999926e+01
3.199449999999999861e+01
3.199790000000000134e+01
3.198880000000000123e+01
3.197970000000000113e+01
3.198580000000000112e+01
3.198649999999999949e+01
3.198189999999999955e+01
3.198130000000000095e+01
3.198229999999999862e+01
3.197619999999999862e+01
3.199080000000000013e+01
3.199040000000000106e+01
3.198019999999999996e+01
3.199990000000000023e+01
3.199769999999999825e+01
3.199170000000000158e+01
3.199940000000000140e+01
3.199709999999999965e+01
3.199129999999999896e+01
3.198979999999999890e+01
3.199859999999999971e+01
3.199520000000000053e+01
3.199439999999999884e+01
3.199439999999999884e+01
3.200110000000000099e+01
3.199439999999999884e+01
3.199800000000000111e+01
3.200430000000000064e+01
3.198140000000000072e+01
3.199660000000000082e+01
3.200619999999999976e+01
3.199449999999999861e+01
3.199919999999999831e+01
3.199190000000000111e+01
3.199330000000000140e+01
3.199010000000000176e+01
3.197540000000000049e+01
3.200560000000000116e+01
3.199540000000000006e+01
3.199459999999999837e+01
3.198969999999999914e+01
3.199299999999999855e+01
3.199449999999999861e+01
3.198460000000000036e+01
3.199190000000000111e+01
3.198839999999999861e+01
3.198890000000000100e+01
3.197240000000000038e+01
3.198839999999999861e+01
3.197960000000000136e+01
3.198489999999999966e+01
3.197180000000000177e+01
3.198780000000000001e+01
3.198959999999999937e+01
3.198839999999999861e+01
3.199780000000000157e+01
3.200359999999999872e+01
3.198509999999999920e+01
3.198320000000000007e+01
3.199500000000000099e+01
3.199190000000000111e+01
3.199609999999999843e+01
3.199370000000000047e+01
3.199259999999999948e+01
3.199320000000000164e+01
3.198369999999999891e+01
3.200050000000000239e+01
3.199449999999999861e+01
3.200130000000000052e+01
3.199520000000000053e+01
3.199180000000000135e+01
3.199690000000000012e+01
3.199299999999999855e+01
3.200310000000000343e+01
3.199930000000000163e+01
3.200090000000000146e+01
3.199170000000000158e+01
3.198819999999999908e+01
3.199020000000000152e+01
3.199919999999999831e+01
3.199549999999999983e+01
3.198949999999999960e+01
3.199970000000000070e+01
3.199909999999999854e+01
3.198930000000000007e+01
3.199170000000000158e+01
3.199480000000000146e+01
3.198379999999999868e+01
3.199139999999999873e+01
3.199449999999999861e+01
3.199149999999999849e+01
3.198939999999999984e+01
3.199269999999999925e+01
3.198369999999999891e+01
3.198039999999999949e+01
3.198770000000000024e+01
3.199699999999999989e+01
3.198839999999999861e+01
3.199630000000000152e+01
3.199170000000000158e+01
3.199129999999999896e+01
3.198529999999999873e+01
3.197479999999999833e+01
3.199909999999999854e+01
3.199309999999999832e+01
3.198260000000000147e+01
3.199249999999999972e+01
3.200229999999999819e+01
3.200339999999999918e+01
3.199660000000000082e+01
3.200229999999999819e+01
3.199230000000000018e+01
3.198969999999999914e+01
3.199259999999999948e+01
3.199859999999999971e+01
3.199520000000000053e+01
3.199129999999999896e+01
3.197259999999999991e+01
3.198290000000000077e+01
3.199830000000000041e+01
3.200300000000000011e+01
3.199239999999999995e+01
3.200050000000000239e+01
3.198890000000000100e+01
3.199279999999999902e+01
3.198160000000000025e+01
3.198930000000000007e+01
3.198610000000000042e+01
3.198910000000000053e+01
3.200209999999999866e+01
3.199040000000000106e+01
3.199970000000000070e+01
3.200860000000000127e+01
3.199030000000000129e+01
3.199960000000000093e+01
3.199190000000000111e+01
3.199620000000000175e+01
